{
 "cells": [
  {
   "cell_type": "markdown",
   "metadata": {},
   "source": [
    "# 2. Cross-Entropie a modelování jazyka"
   ]
  },
  {
   "cell_type": "markdown",
   "metadata": {},
   "source": [
    "### Rozdělení na datasety:\n",
    "* posledních 20 000 testovací data\n",
    "* posledních 40 000 ze zbytku heldout data\n",
    "* zbytek trénovací data\n",
    "\n",
    "### Spočítat pravděpodobnosti\n",
    "$T$ velikost textu, $V$ velikost slovníku  \n",
    "$\n",
    "p_0(w_i) = \\dfrac{1}{V}\\\\\n",
    "p_1(w_i) = \\dfrac{c_1(w_i)}{T}\\\\\n",
    "p_2(w_i|w_{i-1}) = \\dfrac{c_2(w_{i-1},w_i)}{c_1({w_{i-1})}}\\\\\n",
    "p_3(w_i|w_{i-2},w_{i-1}) = \\dfrac{c_3(w_{i-2},w_{i-1},w_i)}{c_2(w_{i-1},w_i)}\n",
    "$\n",
    "\n",
    "### EM algoritmus\n",
    "Vypočítat parametry z heldout dat (také z trénovacích a poté zahodit)\n",
    "$$p_s(w_i|w_{i-2},w_{i-1}) = l_0p_0(w_i) + l_1p_1(w_i) + l_2p_2(w_i|w_{i-1})+l_3p_3(w_i|w_{i-2},w_{i-1})$$\n",
    "pro $l_0+l_1+l_2+l_3 = 1$\n",
    "\n",
    "### Vypočítat cross-entropii\n",
    "Poupravit parametry vyhlazení následujícím způsobem: přidat $10\\%​$, $20\\%​$, $\\ldots​$,$90\\%​$, $95\\%​$ a $99\\%​$ rozdílu mezi trigram vyhlazení a $1.0​$ k jeho hodnotě, proporciálně uprav zbývající tři parametry (připomeňme, že mají součet 1!!). Potom nastavte trigram vyhlazovací parametr na $90\\%​$, $80\\%​$, $\\ldots​$, $10\\%​$, $0\\%​$ z jeho hodnoty a proporciálně uprav zbývající parametry. Vypočítejte cross-entropii na testovacích datech pro těchto 22 příkladů "
   ]
  },
  {
   "cell_type": "markdown",
   "metadata": {},
   "source": [
    "## Importy"
   ]
  },
  {
   "cell_type": "code",
   "execution_count": 1,
   "metadata": {
    "collapsed": true
   },
   "outputs": [],
   "source": [
    "import numpy as np\n",
    "import random\n",
    "from enum import IntEnum\n",
    "import sys\n",
    "import math\n",
    "from tqdm import tqdm, tnrange, tqdm_notebook\n",
    "import time\n",
    "import pandas as pd\n",
    "from IPython.display import display, HTML\n",
    "import matplotlib.pyplot as plt"
   ]
  },
  {
   "cell_type": "markdown",
   "metadata": {},
   "source": [
    "## Konstanty\n",
    "Nastavení hlavních parametrů"
   ]
  },
  {
   "cell_type": "code",
   "execution_count": 2,
   "metadata": {
    "collapsed": true
   },
   "outputs": [],
   "source": [
    "FILES = [\"TEXTEN1.txt\", \"TEXTCZ1.txt\"]\n",
    "TESTDATASIZE = 20*1000\n",
    "HELDOUTDATASIZE = 40*1000\n",
    "TRANSFORMTYPE = IntEnum('TRANSFORM', 'INCREASE DECREASE')\n",
    "TRANSFORMINC = [0,0.1,0.2,0.3,0.4,0.5,0.6,0.7,0.8,0.9,0.95,0.99]\n",
    "TRANSFORMDEC = [1,0.9,0.8,0.7,0.6,0.5,0.4,0.3,0.2,0.1,0]\n",
    "EPSILON = 1e-10\n",
    "DEBUG = False\n",
    "SEED = 84840014\n",
    "\n",
    "COUNTS_WORDS = {}\n",
    "COUNTS_PAIRS = {}\n",
    "COUNTS_TRIPLES = {}\n",
    "T = 0"
   ]
  },
  {
   "cell_type": "markdown",
   "metadata": {},
   "source": [
    "## Načtení dat ze souboru\n",
    "Načtení dat do listu"
   ]
  },
  {
   "cell_type": "code",
   "execution_count": 3,
   "metadata": {
    "collapsed": true
   },
   "outputs": [],
   "source": [
    "def get_data(file):\n",
    "    with open(file, \"r\") as f:\n",
    "        data = np.array([x.replace(\"\\n\", \"\") for x in f.readlines()])\n",
    "        \n",
    "    if(DEBUG):\n",
    "        print(\"Metoda: get_data\")\n",
    "        print(\"Soubor: \",file)\n",
    "        print(\"Výsledek: \",data)\n",
    "        print()\n",
    "        \n",
    "    return data"
   ]
  },
  {
   "cell_type": "markdown",
   "metadata": {},
   "source": [
    "## Vytvoření datasetů a četností uni-,bi-,tri-gramů\n",
    "Vytvoření datasetů rozřezáním původního listu.\n",
    "Spočítání četností a uložení do slovníků typu (i,j,k):c(i,j,k)"
   ]
  },
  {
   "cell_type": "code",
   "execution_count": 4,
   "metadata": {
    "collapsed": false
   },
   "outputs": [],
   "source": [
    "def create_datasets(data):\n",
    "    test_data = data[-TESTDATASIZE:]\n",
    "    heldout_data = data[-(TESTDATASIZE+HELDOUTDATASIZE):-TESTDATASIZE]\n",
    "    train_data = data[:-(TESTDATASIZE+HELDOUTDATASIZE)]\n",
    "        \n",
    "    return (train_data,heldout_data,test_data)\n",
    "\n",
    "def create_counts(data):\n",
    "    # Odečíst 1 od četnosti posledního slova, protože to už nemá dvojici a já chci z toho počítat psti\n",
    "    words, counts = np.unique(data, return_counts=True)\n",
    "    counts_words = dict(zip(words,counts))\n",
    "    \n",
    "    counts_words[data[-1]] -= 1\n",
    "    \n",
    "    counts_pairs = dict()\n",
    "    for i in range(data.size - 1):\n",
    "        if (data[i],data[i+1]) in counts_pairs:\n",
    "            counts_pairs[(data[i],data[i+1])] += 1\n",
    "        else:\n",
    "            counts_pairs[(data[i],data[i+1])] = 1\n",
    "    \n",
    "    counts_triples = dict()\n",
    "    for i in range(data.size - 2):\n",
    "        if (data[i],data[i+1],data[i+2]) in counts_triples:\n",
    "            counts_triples[(data[i],data[i+1],data[i+2])] += 1\n",
    "        else:\n",
    "            counts_triples[(data[i],data[i+1],data[i+2])] = 1\n",
    "        \n",
    "    return (counts_words,counts_pairs,counts_triples)"
   ]
  },
  {
   "cell_type": "markdown",
   "metadata": {},
   "source": [
    "## Pomocné funkce"
   ]
  },
  {
   "cell_type": "markdown",
   "metadata": {},
   "source": [
    "### Výpočet pravděpodobností uni, bi, tri gramů\n",
    "Kontrola a řešení problémů s dělení 0 a následné vypočítání pravděpodobnosti podle vzorců. Při případném dělení 0 se používá pravděpodobnost $p_0$ viz slajdy předmětu."
   ]
  },
  {
   "cell_type": "code",
   "execution_count": 5,
   "metadata": {
    "collapsed": true
   },
   "outputs": [],
   "source": [
    "def p0():\n",
    "    return 1/len(COUNTS_WORDS)\n",
    "\n",
    "def p1(w1):\n",
    "    if w1 not in COUNTS_WORDS:\n",
    "        return 0\n",
    "    return COUNTS_WORDS[w1]/T\n",
    "\n",
    "def p2(w1,w2):\n",
    "    if w1 not in COUNTS_WORDS or COUNTS_WORDS[w1]==0:\n",
    "        return p0()\n",
    "    if not (w1,w2) in COUNTS_PAIRS:\n",
    "        return 0\n",
    "    return COUNTS_PAIRS[(w1,w2)]/COUNTS_WORDS[w1]\n",
    "\n",
    "def p3(w1,w2,w3):\n",
    "    if (w1,w2) not in COUNTS_PAIRS or COUNTS_PAIRS[(w1,w2)] == 0:\n",
    "        return p0()\n",
    "    if not (w1,w2,w3) in COUNTS_TRIPLES:\n",
    "        return 0\n",
    "    return COUNTS_TRIPLES[(w1,w2,w3)]/COUNTS_PAIRS[(w1,w2)]\n",
    "    "
   ]
  },
  {
   "cell_type": "markdown",
   "metadata": {},
   "source": [
    "### Výpočet $p'_{\\lambda}(w_i|h_i)$"
   ]
  },
  {
   "cell_type": "code",
   "execution_count": 6,
   "metadata": {
    "collapsed": true
   },
   "outputs": [],
   "source": [
    "def p_lambda(w1,w2,w3,lambdas):\n",
    "    return lambdas[3]*p3(w1,w2,w3) \\\n",
    "          +lambdas[2]*p2(w2,w3) \\\n",
    "          +lambdas[1]*p1(w3) \\\n",
    "          +lambdas[0]*p0()"
   ]
  },
  {
   "cell_type": "markdown",
   "metadata": {},
   "source": [
    "## EM algoritmus\n",
    "Dokud se mění parametry o více než $\\epsilon$ provádí se výpočet, kde jsou spočítané očekávané hodnoty za použití aktuálních parametrů a následné jejich updatování."
   ]
  },
  {
   "cell_type": "code",
   "execution_count": 7,
   "metadata": {
    "collapsed": false
   },
   "outputs": [],
   "source": [
    "def EM(epsilon, heldout_data):\n",
    "    lambdas = [0.25]*4\n",
    "    history = [lambdas]\n",
    "    \n",
    "    last_value = 0\n",
    "    with tqdm_notebook(total=1000,desc=\"EM\", leave=False) as pbar:\n",
    "    \n",
    "        while(True):\n",
    "            expected_counts = [0]*4\n",
    "\n",
    "            for i in range(heldout_data.size-2):\n",
    "                p_lam = p_lambda(heldout_data[i],heldout_data[i+1],heldout_data[i+2],lambdas)\n",
    "                if(p_lam==0):\n",
    "                    continue\n",
    "                expected_counts[0] += lambdas[0]*p0()\\\n",
    "                                     /p_lam\n",
    "                expected_counts[1] += lambdas[1]*p1(heldout_data[i+2])\\\n",
    "                                     /p_lam\n",
    "                expected_counts[2] += lambdas[2]*p2(heldout_data[i+1],heldout_data[i+2])\\\n",
    "                                     /p_lam\n",
    "                expected_counts[3] += lambdas[3]*p3(heldout_data[i],heldout_data[i+1],heldout_data[i+2])\\\n",
    "                                     /p_lam\n",
    "\n",
    "            new_lambdas = [x/sum(expected_counts) for x in expected_counts]\n",
    "\n",
    "            is_end = True\n",
    "            maximum = 0\n",
    "            for i in range(len(lambdas)):\n",
    "                if(abs(lambdas[i]-new_lambdas[i]) > maximum):\n",
    "                    maximum = abs(lambdas[i]-new_lambdas[i])\n",
    "                if(abs(lambdas[i]-new_lambdas[i])>epsilon):\n",
    "                    is_end = False\n",
    "                    break\n",
    "\n",
    "            if is_end:\n",
    "                pbar.update(1000-pbar.last_print_n)\n",
    "                break\n",
    "\n",
    "            lambdas = new_lambdas\n",
    "            history.append(lambdas)\n",
    "            \n",
    "            #Progress bar\n",
    "            new_value = 1/math.log(EPSILON,10)*math.log(maximum,10)\n",
    "            pbar.update(int((new_value - last_value)*1000) if new_value - last_value > 0 else 0)\n",
    "            last_value = new_value if new_value > last_value else last_value\n",
    "    \n",
    "        \n",
    "    \n",
    "    return (lambdas,history)"
   ]
  },
  {
   "cell_type": "markdown",
   "metadata": {},
   "source": [
    "## Cross-Entropie"
   ]
  },
  {
   "cell_type": "code",
   "execution_count": 8,
   "metadata": {
    "collapsed": true
   },
   "outputs": [],
   "source": [
    "def entropy(data, lambdas):\n",
    "    H = 0\n",
    "    for i in range(data.size-2):\n",
    "        H -= math.log2(p_lambda(data[i],data[i+1],data[i+2],lambdas))\n",
    "        \n",
    "    return H/(data.size-2)"
   ]
  },
  {
   "cell_type": "markdown",
   "metadata": {},
   "source": [
    "## Změna lambdy\n",
    "Pomocné metody k změnění parametrů o určitá procenta. Vypočte se nová $\\lambda_3$ a poté se poměrově zbytek hodnoty přiřadí ostatním parametrům."
   ]
  },
  {
   "cell_type": "code",
   "execution_count": 9,
   "metadata": {
    "collapsed": true
   },
   "outputs": [],
   "source": [
    "def lambda_increase(lambdas, perc):\n",
    "    lambdas[-1] += (1 - lambdas[-1])*perc\n",
    "    ratio = (sum(lambdas)-lambdas[-1])/(1-lambdas[-1])\n",
    "    lambdas = [x/ratio for x in lambdas]\n",
    "    lambdas[-1] *= ratio\n",
    "    return lambdas\n",
    "\n",
    "def lambda_decrease(lambdas, perc):\n",
    "    lambdas[-1] *= perc\n",
    "    ratio = (sum(lambdas)-lambdas[-1])/(1-lambdas[-1])\n",
    "    lambdas = [x/ratio for x in lambdas]\n",
    "    lambdas[-1] *= ratio\n",
    "    return lambdas\n",
    "    "
   ]
  },
  {
   "cell_type": "markdown",
   "metadata": {},
   "source": [
    "## Zobrazení výsledků"
   ]
  },
  {
   "cell_type": "code",
   "execution_count": 10,
   "metadata": {
    "collapsed": true
   },
   "outputs": [],
   "source": [
    "def show_results(results):\n",
    "    for i in range(len(FILES)):\n",
    "        for j in range(len(TRANSFORMTYPE)):\n",
    "            if (j+1)==int(TRANSFORMTYPE.INCREASE):\n",
    "                df1 = pd.DataFrame(results[i,j,:len(TRANSFORMINC),:],index=TRANSFORMINC, columns=[\"$\\lambda_0$\",\"$\\lambda_1$\",\"$\\lambda_2$\",\"$\\lambda_3$\",\"Entropie\"])\n",
    "                graph = pd.DataFrame(results[i,j,:len(TRANSFORMINC),-1],index=TRANSFORMINC, columns=[str(FILES[i] + \" - \" + str(TRANSFORMTYPE(j+1)).split(\".\")[1])])\n",
    "            if (j+1)==int(TRANSFORMTYPE.DECREASE):\n",
    "                df1 = pd.DataFrame(results[i,j,:len(TRANSFORMDEC),:],index=TRANSFORMDEC, columns=[\"$\\lambda_0$\",\"$\\lambda_1$\",\"$\\lambda_2$\",\"$\\lambda_3$\",\"Entropie\"])\n",
    "                graph = pd.DataFrame(results[i,j,:len(TRANSFORMDEC),-1],index=[1-x for x in TRANSFORMDEC], columns=[str(FILES[i] + \" - \" + str(TRANSFORMTYPE(j+1)).split(\".\")[1])])\n",
    "                \n",
    "            plt.plot(graph, label=str(FILES[i] + \" - \" + str(TRANSFORMTYPE(j+1)).split(\".\")[1]))\n",
    "            plt.plot(graph, 'k|')\n",
    "            \n",
    "            for col in df1.columns:\n",
    "                df1[col] = df1[col].map('{:,.10f}'.format)\n",
    "            \n",
    "            display(HTML(\"<h2>\" + FILES[i] + \" - \" + str(TRANSFORMTYPE(j+1)).split(\".\")[1] + \"</h2>\"))\n",
    "            display(df1)\n",
    "            \n",
    "    plt.legend(bbox_to_anchor=(1.05, 1), loc=2, borderaxespad=0.)\n",
    "    plt.xlabel('Zvýšení/snížení $\\lambda_3$')\n",
    "    plt.ylabel('Cross-Entropie')\n",
    "    plt.title('Graf Cross-Entropie')\n",
    "    plt.show()\n",
    "\n",
    "def show_lambdas(lambdas):    \n",
    "    for i in range(len(FILES)):\n",
    "        df1 = pd.DataFrame(lambdas[i], columns=[\"$\\lambda_0$\",\"$\\lambda_1$\",\"$\\lambda_2$\",\"$\\lambda_3$\"])\n",
    "        for col in df1.columns:\n",
    "            df1[col] = df1[col].map('{:,.10f}'.format)\n",
    "        display(HTML(\"<h2>\" + FILES[i] + \"</h2>\"))\n",
    "        display(df1)"
   ]
  },
  {
   "cell_type": "markdown",
   "metadata": {},
   "source": [
    "## Graf pokrytí\n",
    "Výpočet a vykreslení grafu. "
   ]
  },
  {
   "cell_type": "code",
   "execution_count": 11,
   "metadata": {
    "collapsed": true
   },
   "outputs": [],
   "source": [
    "def coverage(test_data):\n",
    "    test_counts = create_counts(test_data)\n",
    "    train_counts = (COUNTS_WORDS,COUNTS_PAIRS,COUNTS_TRIPLES)\n",
    "    cov = [0]*3\n",
    "    for i in range(len(cov)):\n",
    "        for t in test_counts[i]:\n",
    "            if t in train_counts[i]:\n",
    "                cov[i] += test_counts[i][t]\n",
    "        cov[i] /= sum([test_counts[i][x] for x in test_counts[i]])\n",
    "    return cov\n",
    "\n",
    "def show_coverage(results):\n",
    "    df1 = pd.DataFrame(results, columns=[\"Uni-gram\", \"Bi-gram\", \"Tri-gram\"], index=FILES)\n",
    "    df1 = df1.transpose()\n",
    "    display(df1)\n",
    "    \n",
    "    colors = [\"r\",\"b\",\"g\"]\n",
    "    n_groups = 3\n",
    "\n",
    "    index = np.arange(n_groups)\n",
    "    bar_width = 0.8/len(FILES)\n",
    "\n",
    "    opacity = 0.4\n",
    "    error_config = {'ecolor': '0.3'}\n",
    "    \n",
    "    for i in range(len(results)):\n",
    "        plt.bar(index + i*bar_width, results[i], bar_width,\n",
    "                         alpha=opacity,\n",
    "                         color=colors[i%len(colors)],\n",
    "                         label=FILES[i])\n",
    "\n",
    "    plt.xlabel('n-gram')\n",
    "    plt.ylabel('Pokrytí')\n",
    "    plt.title('Graf pokrytí')\n",
    "    plt.xticks(index + bar_width*len(FILES) / 2, ('Uni-gram', 'Bi-gram', 'Tri-gram'))\n",
    "    plt.legend()\n",
    "\n",
    "    plt.tight_layout()\n",
    "    plt.show()"
   ]
  },
  {
   "cell_type": "markdown",
   "metadata": {},
   "source": [
    "## Main\n",
    "### Hlavní cyklus\n",
    "Projdou se všechny soubory.\n",
    "Z každého souboru jsou vytvořeny datasety, spočítány uni-,bi-,tri-gramy a je spuštěn EM algoritmus.\n",
    "Poté se spočítána cross-entropie pro všechna požadovaná nastavení parametrů. "
   ]
  },
  {
   "cell_type": "code",
   "execution_count": 12,
   "metadata": {
    "collapsed": false
   },
   "outputs": [
    {
     "name": "stdout",
     "output_type": "stream",
     "text": [
      "\n",
      "Time:  3 m  42 s\n",
      "\n"
     ]
    },
    {
     "data": {
      "text/html": [
       "<h1>Průběžné výsledky EM algoritmu</h1>"
      ],
      "text/plain": [
       "<IPython.core.display.HTML object>"
      ]
     },
     "metadata": {},
     "output_type": "display_data"
    },
    {
     "data": {
      "text/html": [
       "<h2>TEXTEN1.txt</h2>"
      ],
      "text/plain": [
       "<IPython.core.display.HTML object>"
      ]
     },
     "metadata": {},
     "output_type": "display_data"
    },
    {
     "data": {
      "text/html": [
       "<div>\n",
       "<table border=\"1\" class=\"dataframe\">\n",
       "  <thead>\n",
       "    <tr style=\"text-align: right;\">\n",
       "      <th></th>\n",
       "      <th>$\\lambda_0$</th>\n",
       "      <th>$\\lambda_1$</th>\n",
       "      <th>$\\lambda_2$</th>\n",
       "      <th>$\\lambda_3$</th>\n",
       "    </tr>\n",
       "  </thead>\n",
       "  <tbody>\n",
       "    <tr>\n",
       "      <th>0</th>\n",
       "      <td>0.2500000000</td>\n",
       "      <td>0.2500000000</td>\n",
       "      <td>0.2500000000</td>\n",
       "      <td>0.2500000000</td>\n",
       "    </tr>\n",
       "    <tr>\n",
       "      <th>1</th>\n",
       "      <td>0.1167225989</td>\n",
       "      <td>0.2514594534</td>\n",
       "      <td>0.3922685188</td>\n",
       "      <td>0.2395494289</td>\n",
       "    </tr>\n",
       "    <tr>\n",
       "      <th>2</th>\n",
       "      <td>0.0847611305</td>\n",
       "      <td>0.2490138807</td>\n",
       "      <td>0.4500333134</td>\n",
       "      <td>0.2161916753</td>\n",
       "    </tr>\n",
       "    <tr>\n",
       "      <th>3</th>\n",
       "      <td>0.0751590871</td>\n",
       "      <td>0.2503157295</td>\n",
       "      <td>0.4729723925</td>\n",
       "      <td>0.2015527909</td>\n",
       "    </tr>\n",
       "    <tr>\n",
       "      <th>4</th>\n",
       "      <td>0.0718728325</td>\n",
       "      <td>0.2519520613</td>\n",
       "      <td>0.4827689266</td>\n",
       "      <td>0.1934061796</td>\n",
       "    </tr>\n",
       "    <tr>\n",
       "      <th>5</th>\n",
       "      <td>0.0706822968</td>\n",
       "      <td>0.2530183923</td>\n",
       "      <td>0.4873265040</td>\n",
       "      <td>0.1889728068</td>\n",
       "    </tr>\n",
       "    <tr>\n",
       "      <th>6</th>\n",
       "      <td>0.0702485407</td>\n",
       "      <td>0.2535824570</td>\n",
       "      <td>0.4896026037</td>\n",
       "      <td>0.1865663986</td>\n",
       "    </tr>\n",
       "    <tr>\n",
       "      <th>7</th>\n",
       "      <td>0.0700982059</td>\n",
       "      <td>0.2538479539</td>\n",
       "      <td>0.4907970868</td>\n",
       "      <td>0.1852567535</td>\n",
       "    </tr>\n",
       "    <tr>\n",
       "      <th>8</th>\n",
       "      <td>0.0700537346</td>\n",
       "      <td>0.2539612547</td>\n",
       "      <td>0.4914440006</td>\n",
       "      <td>0.1845410101</td>\n",
       "    </tr>\n",
       "    <tr>\n",
       "      <th>9</th>\n",
       "      <td>0.0700468531</td>\n",
       "      <td>0.2540039738</td>\n",
       "      <td>0.4918011264</td>\n",
       "      <td>0.1841480466</td>\n",
       "    </tr>\n",
       "    <tr>\n",
       "      <th>10</th>\n",
       "      <td>0.0700515078</td>\n",
       "      <td>0.2540166137</td>\n",
       "      <td>0.4920005648</td>\n",
       "      <td>0.1839313136</td>\n",
       "    </tr>\n",
       "    <tr>\n",
       "      <th>11</th>\n",
       "      <td>0.0700582425</td>\n",
       "      <td>0.2540177622</td>\n",
       "      <td>0.4921127374</td>\n",
       "      <td>0.1838112579</td>\n",
       "    </tr>\n",
       "    <tr>\n",
       "      <th>12</th>\n",
       "      <td>0.0700640547</td>\n",
       "      <td>0.2540153424</td>\n",
       "      <td>0.4921761174</td>\n",
       "      <td>0.1837444855</td>\n",
       "    </tr>\n",
       "    <tr>\n",
       "      <th>13</th>\n",
       "      <td>0.0700683322</td>\n",
       "      <td>0.2540124177</td>\n",
       "      <td>0.4922120399</td>\n",
       "      <td>0.1837072102</td>\n",
       "    </tr>\n",
       "    <tr>\n",
       "      <th>14</th>\n",
       "      <td>0.0700712452</td>\n",
       "      <td>0.2540099780</td>\n",
       "      <td>0.4922324455</td>\n",
       "      <td>0.1836863313</td>\n",
       "    </tr>\n",
       "    <tr>\n",
       "      <th>15</th>\n",
       "      <td>0.0700731406</td>\n",
       "      <td>0.2540082019</td>\n",
       "      <td>0.4922440565</td>\n",
       "      <td>0.1836746010</td>\n",
       "    </tr>\n",
       "    <tr>\n",
       "      <th>16</th>\n",
       "      <td>0.0700743378</td>\n",
       "      <td>0.2540069974</td>\n",
       "      <td>0.4922506721</td>\n",
       "      <td>0.1836679927</td>\n",
       "    </tr>\n",
       "    <tr>\n",
       "      <th>17</th>\n",
       "      <td>0.0700750784</td>\n",
       "      <td>0.2540062151</td>\n",
       "      <td>0.4922544455</td>\n",
       "      <td>0.1836642610</td>\n",
       "    </tr>\n",
       "    <tr>\n",
       "      <th>18</th>\n",
       "      <td>0.0700755298</td>\n",
       "      <td>0.2540057213</td>\n",
       "      <td>0.4922565997</td>\n",
       "      <td>0.1836621492</td>\n",
       "    </tr>\n",
       "    <tr>\n",
       "      <th>19</th>\n",
       "      <td>0.0700758017</td>\n",
       "      <td>0.2540054159</td>\n",
       "      <td>0.4922578305</td>\n",
       "      <td>0.1836609519</td>\n",
       "    </tr>\n",
       "    <tr>\n",
       "      <th>20</th>\n",
       "      <td>0.0700759641</td>\n",
       "      <td>0.2540052298</td>\n",
       "      <td>0.4922585341</td>\n",
       "      <td>0.1836602720</td>\n",
       "    </tr>\n",
       "    <tr>\n",
       "      <th>21</th>\n",
       "      <td>0.0700760604</td>\n",
       "      <td>0.2540051177</td>\n",
       "      <td>0.4922589366</td>\n",
       "      <td>0.1836598853</td>\n",
       "    </tr>\n",
       "    <tr>\n",
       "      <th>22</th>\n",
       "      <td>0.0700761172</td>\n",
       "      <td>0.2540050507</td>\n",
       "      <td>0.4922591670</td>\n",
       "      <td>0.1836596651</td>\n",
       "    </tr>\n",
       "    <tr>\n",
       "      <th>23</th>\n",
       "      <td>0.0700761505</td>\n",
       "      <td>0.2540050110</td>\n",
       "      <td>0.4922592988</td>\n",
       "      <td>0.1836595396</td>\n",
       "    </tr>\n",
       "    <tr>\n",
       "      <th>24</th>\n",
       "      <td>0.0700761700</td>\n",
       "      <td>0.2540049876</td>\n",
       "      <td>0.4922593744</td>\n",
       "      <td>0.1836594680</td>\n",
       "    </tr>\n",
       "    <tr>\n",
       "      <th>25</th>\n",
       "      <td>0.0700761814</td>\n",
       "      <td>0.2540049739</td>\n",
       "      <td>0.4922594176</td>\n",
       "      <td>0.1836594271</td>\n",
       "    </tr>\n",
       "    <tr>\n",
       "      <th>26</th>\n",
       "      <td>0.0700761880</td>\n",
       "      <td>0.2540049658</td>\n",
       "      <td>0.4922594424</td>\n",
       "      <td>0.1836594037</td>\n",
       "    </tr>\n",
       "    <tr>\n",
       "      <th>27</th>\n",
       "      <td>0.0700761918</td>\n",
       "      <td>0.2540049611</td>\n",
       "      <td>0.4922594566</td>\n",
       "      <td>0.1836593904</td>\n",
       "    </tr>\n",
       "    <tr>\n",
       "      <th>28</th>\n",
       "      <td>0.0700761941</td>\n",
       "      <td>0.2540049584</td>\n",
       "      <td>0.4922594648</td>\n",
       "      <td>0.1836593827</td>\n",
       "    </tr>\n",
       "    <tr>\n",
       "      <th>29</th>\n",
       "      <td>0.0700761954</td>\n",
       "      <td>0.2540049568</td>\n",
       "      <td>0.4922594694</td>\n",
       "      <td>0.1836593784</td>\n",
       "    </tr>\n",
       "    <tr>\n",
       "      <th>30</th>\n",
       "      <td>0.0700761961</td>\n",
       "      <td>0.2540049559</td>\n",
       "      <td>0.4922594721</td>\n",
       "      <td>0.1836593759</td>\n",
       "    </tr>\n",
       "    <tr>\n",
       "      <th>31</th>\n",
       "      <td>0.0700761965</td>\n",
       "      <td>0.2540049554</td>\n",
       "      <td>0.4922594737</td>\n",
       "      <td>0.1836593744</td>\n",
       "    </tr>\n",
       "    <tr>\n",
       "      <th>32</th>\n",
       "      <td>0.0700761968</td>\n",
       "      <td>0.2540049551</td>\n",
       "      <td>0.4922594745</td>\n",
       "      <td>0.1836593736</td>\n",
       "    </tr>\n",
       "    <tr>\n",
       "      <th>33</th>\n",
       "      <td>0.0700761969</td>\n",
       "      <td>0.2540049549</td>\n",
       "      <td>0.4922594750</td>\n",
       "      <td>0.1836593731</td>\n",
       "    </tr>\n",
       "    <tr>\n",
       "      <th>34</th>\n",
       "      <td>0.0700761970</td>\n",
       "      <td>0.2540049548</td>\n",
       "      <td>0.4922594753</td>\n",
       "      <td>0.1836593729</td>\n",
       "    </tr>\n",
       "    <tr>\n",
       "      <th>35</th>\n",
       "      <td>0.0700761971</td>\n",
       "      <td>0.2540049547</td>\n",
       "      <td>0.4922594755</td>\n",
       "      <td>0.1836593727</td>\n",
       "    </tr>\n",
       "  </tbody>\n",
       "</table>\n",
       "</div>"
      ],
      "text/plain": [
       "     $\\lambda_0$   $\\lambda_1$   $\\lambda_2$   $\\lambda_3$\n",
       "0   0.2500000000  0.2500000000  0.2500000000  0.2500000000\n",
       "1   0.1167225989  0.2514594534  0.3922685188  0.2395494289\n",
       "2   0.0847611305  0.2490138807  0.4500333134  0.2161916753\n",
       "3   0.0751590871  0.2503157295  0.4729723925  0.2015527909\n",
       "4   0.0718728325  0.2519520613  0.4827689266  0.1934061796\n",
       "5   0.0706822968  0.2530183923  0.4873265040  0.1889728068\n",
       "6   0.0702485407  0.2535824570  0.4896026037  0.1865663986\n",
       "7   0.0700982059  0.2538479539  0.4907970868  0.1852567535\n",
       "8   0.0700537346  0.2539612547  0.4914440006  0.1845410101\n",
       "9   0.0700468531  0.2540039738  0.4918011264  0.1841480466\n",
       "10  0.0700515078  0.2540166137  0.4920005648  0.1839313136\n",
       "11  0.0700582425  0.2540177622  0.4921127374  0.1838112579\n",
       "12  0.0700640547  0.2540153424  0.4921761174  0.1837444855\n",
       "13  0.0700683322  0.2540124177  0.4922120399  0.1837072102\n",
       "14  0.0700712452  0.2540099780  0.4922324455  0.1836863313\n",
       "15  0.0700731406  0.2540082019  0.4922440565  0.1836746010\n",
       "16  0.0700743378  0.2540069974  0.4922506721  0.1836679927\n",
       "17  0.0700750784  0.2540062151  0.4922544455  0.1836642610\n",
       "18  0.0700755298  0.2540057213  0.4922565997  0.1836621492\n",
       "19  0.0700758017  0.2540054159  0.4922578305  0.1836609519\n",
       "20  0.0700759641  0.2540052298  0.4922585341  0.1836602720\n",
       "21  0.0700760604  0.2540051177  0.4922589366  0.1836598853\n",
       "22  0.0700761172  0.2540050507  0.4922591670  0.1836596651\n",
       "23  0.0700761505  0.2540050110  0.4922592988  0.1836595396\n",
       "24  0.0700761700  0.2540049876  0.4922593744  0.1836594680\n",
       "25  0.0700761814  0.2540049739  0.4922594176  0.1836594271\n",
       "26  0.0700761880  0.2540049658  0.4922594424  0.1836594037\n",
       "27  0.0700761918  0.2540049611  0.4922594566  0.1836593904\n",
       "28  0.0700761941  0.2540049584  0.4922594648  0.1836593827\n",
       "29  0.0700761954  0.2540049568  0.4922594694  0.1836593784\n",
       "30  0.0700761961  0.2540049559  0.4922594721  0.1836593759\n",
       "31  0.0700761965  0.2540049554  0.4922594737  0.1836593744\n",
       "32  0.0700761968  0.2540049551  0.4922594745  0.1836593736\n",
       "33  0.0700761969  0.2540049549  0.4922594750  0.1836593731\n",
       "34  0.0700761970  0.2540049548  0.4922594753  0.1836593729\n",
       "35  0.0700761971  0.2540049547  0.4922594755  0.1836593727"
      ]
     },
     "metadata": {},
     "output_type": "display_data"
    },
    {
     "data": {
      "text/html": [
       "<h2>TEXTCZ1.txt</h2>"
      ],
      "text/plain": [
       "<IPython.core.display.HTML object>"
      ]
     },
     "metadata": {},
     "output_type": "display_data"
    },
    {
     "data": {
      "text/html": [
       "<div>\n",
       "<table border=\"1\" class=\"dataframe\">\n",
       "  <thead>\n",
       "    <tr style=\"text-align: right;\">\n",
       "      <th></th>\n",
       "      <th>$\\lambda_0$</th>\n",
       "      <th>$\\lambda_1$</th>\n",
       "      <th>$\\lambda_2$</th>\n",
       "      <th>$\\lambda_3$</th>\n",
       "    </tr>\n",
       "  </thead>\n",
       "  <tbody>\n",
       "    <tr>\n",
       "      <th>0</th>\n",
       "      <td>0.2500000000</td>\n",
       "      <td>0.2500000000</td>\n",
       "      <td>0.2500000000</td>\n",
       "      <td>0.2500000000</td>\n",
       "    </tr>\n",
       "    <tr>\n",
       "      <th>1</th>\n",
       "      <td>0.1899333114</td>\n",
       "      <td>0.3565384785</td>\n",
       "      <td>0.2513176208</td>\n",
       "      <td>0.2022105893</td>\n",
       "    </tr>\n",
       "    <tr>\n",
       "      <th>2</th>\n",
       "      <td>0.1641245035</td>\n",
       "      <td>0.4007131077</td>\n",
       "      <td>0.2486312278</td>\n",
       "      <td>0.1865311609</td>\n",
       "    </tr>\n",
       "    <tr>\n",
       "      <th>3</th>\n",
       "      <td>0.1526923559</td>\n",
       "      <td>0.4177170910</td>\n",
       "      <td>0.2471064413</td>\n",
       "      <td>0.1824841118</td>\n",
       "    </tr>\n",
       "    <tr>\n",
       "      <th>4</th>\n",
       "      <td>0.1472225773</td>\n",
       "      <td>0.4242560715</td>\n",
       "      <td>0.2462761313</td>\n",
       "      <td>0.1822452199</td>\n",
       "    </tr>\n",
       "    <tr>\n",
       "      <th>5</th>\n",
       "      <td>0.1443831160</td>\n",
       "      <td>0.4268411933</td>\n",
       "      <td>0.2457541713</td>\n",
       "      <td>0.1830215193</td>\n",
       "    </tr>\n",
       "    <tr>\n",
       "      <th>6</th>\n",
       "      <td>0.1427990662</td>\n",
       "      <td>0.4279156949</td>\n",
       "      <td>0.2453963927</td>\n",
       "      <td>0.1838888463</td>\n",
       "    </tr>\n",
       "    <tr>\n",
       "      <th>7</th>\n",
       "      <td>0.1418642966</td>\n",
       "      <td>0.4283951015</td>\n",
       "      <td>0.2451463654</td>\n",
       "      <td>0.1845942364</td>\n",
       "    </tr>\n",
       "    <tr>\n",
       "      <th>8</th>\n",
       "      <td>0.1412903092</td>\n",
       "      <td>0.4286279174</td>\n",
       "      <td>0.2449731459</td>\n",
       "      <td>0.1851086276</td>\n",
       "    </tr>\n",
       "    <tr>\n",
       "      <th>9</th>\n",
       "      <td>0.1409285256</td>\n",
       "      <td>0.4287510766</td>\n",
       "      <td>0.2448548613</td>\n",
       "      <td>0.1854655366</td>\n",
       "    </tr>\n",
       "    <tr>\n",
       "      <th>10</th>\n",
       "      <td>0.1406967386</td>\n",
       "      <td>0.4288211678</td>\n",
       "      <td>0.2447751108</td>\n",
       "      <td>0.1857069828</td>\n",
       "    </tr>\n",
       "    <tr>\n",
       "      <th>11</th>\n",
       "      <td>0.1405467638</td>\n",
       "      <td>0.4288632757</td>\n",
       "      <td>0.2447218471</td>\n",
       "      <td>0.1858681135</td>\n",
       "    </tr>\n",
       "    <tr>\n",
       "      <th>12</th>\n",
       "      <td>0.1404491556</td>\n",
       "      <td>0.4288894984</td>\n",
       "      <td>0.2446865041</td>\n",
       "      <td>0.1859748419</td>\n",
       "    </tr>\n",
       "    <tr>\n",
       "      <th>13</th>\n",
       "      <td>0.1403854121</td>\n",
       "      <td>0.4289061949</td>\n",
       "      <td>0.2446631528</td>\n",
       "      <td>0.1860452402</td>\n",
       "    </tr>\n",
       "    <tr>\n",
       "      <th>14</th>\n",
       "      <td>0.1403437019</td>\n",
       "      <td>0.4289169656</td>\n",
       "      <td>0.2446477668</td>\n",
       "      <td>0.1860915657</td>\n",
       "    </tr>\n",
       "    <tr>\n",
       "      <th>15</th>\n",
       "      <td>0.1403163782</td>\n",
       "      <td>0.4289239657</td>\n",
       "      <td>0.2446376465</td>\n",
       "      <td>0.1861220096</td>\n",
       "    </tr>\n",
       "    <tr>\n",
       "      <th>16</th>\n",
       "      <td>0.1402984674</td>\n",
       "      <td>0.4289285343</td>\n",
       "      <td>0.2446309969</td>\n",
       "      <td>0.1861420013</td>\n",
       "    </tr>\n",
       "    <tr>\n",
       "      <th>17</th>\n",
       "      <td>0.1402867225</td>\n",
       "      <td>0.4289315231</td>\n",
       "      <td>0.2446266305</td>\n",
       "      <td>0.1861551239</td>\n",
       "    </tr>\n",
       "    <tr>\n",
       "      <th>18</th>\n",
       "      <td>0.1402790193</td>\n",
       "      <td>0.4289334809</td>\n",
       "      <td>0.2446237644</td>\n",
       "      <td>0.1861637355</td>\n",
       "    </tr>\n",
       "    <tr>\n",
       "      <th>19</th>\n",
       "      <td>0.1402739663</td>\n",
       "      <td>0.4289347642</td>\n",
       "      <td>0.2446218836</td>\n",
       "      <td>0.1861693860</td>\n",
       "    </tr>\n",
       "    <tr>\n",
       "      <th>20</th>\n",
       "      <td>0.1402706515</td>\n",
       "      <td>0.4289356057</td>\n",
       "      <td>0.2446206494</td>\n",
       "      <td>0.1861730933</td>\n",
       "    </tr>\n",
       "    <tr>\n",
       "      <th>21</th>\n",
       "      <td>0.1402684770</td>\n",
       "      <td>0.4289361577</td>\n",
       "      <td>0.2446198397</td>\n",
       "      <td>0.1861755256</td>\n",
       "    </tr>\n",
       "    <tr>\n",
       "      <th>22</th>\n",
       "      <td>0.1402670504</td>\n",
       "      <td>0.4289365198</td>\n",
       "      <td>0.2446193085</td>\n",
       "      <td>0.1861771213</td>\n",
       "    </tr>\n",
       "    <tr>\n",
       "      <th>23</th>\n",
       "      <td>0.1402661146</td>\n",
       "      <td>0.4289367573</td>\n",
       "      <td>0.2446189600</td>\n",
       "      <td>0.1861781682</td>\n",
       "    </tr>\n",
       "    <tr>\n",
       "      <th>24</th>\n",
       "      <td>0.1402655006</td>\n",
       "      <td>0.4289369131</td>\n",
       "      <td>0.2446187313</td>\n",
       "      <td>0.1861788550</td>\n",
       "    </tr>\n",
       "    <tr>\n",
       "      <th>25</th>\n",
       "      <td>0.1402650978</td>\n",
       "      <td>0.4289370153</td>\n",
       "      <td>0.2446185813</td>\n",
       "      <td>0.1861793055</td>\n",
       "    </tr>\n",
       "    <tr>\n",
       "      <th>26</th>\n",
       "      <td>0.1402648336</td>\n",
       "      <td>0.4289370824</td>\n",
       "      <td>0.2446184829</td>\n",
       "      <td>0.1861796011</td>\n",
       "    </tr>\n",
       "    <tr>\n",
       "      <th>27</th>\n",
       "      <td>0.1402646602</td>\n",
       "      <td>0.4289371264</td>\n",
       "      <td>0.2446184184</td>\n",
       "      <td>0.1861797951</td>\n",
       "    </tr>\n",
       "    <tr>\n",
       "      <th>28</th>\n",
       "      <td>0.1402645465</td>\n",
       "      <td>0.4289371552</td>\n",
       "      <td>0.2446183760</td>\n",
       "      <td>0.1861799223</td>\n",
       "    </tr>\n",
       "    <tr>\n",
       "      <th>29</th>\n",
       "      <td>0.1402644719</td>\n",
       "      <td>0.4289371742</td>\n",
       "      <td>0.2446183482</td>\n",
       "      <td>0.1861800057</td>\n",
       "    </tr>\n",
       "    <tr>\n",
       "      <th>30</th>\n",
       "      <td>0.1402644229</td>\n",
       "      <td>0.4289371866</td>\n",
       "      <td>0.2446183300</td>\n",
       "      <td>0.1861800605</td>\n",
       "    </tr>\n",
       "    <tr>\n",
       "      <th>31</th>\n",
       "      <td>0.1402643908</td>\n",
       "      <td>0.4289371948</td>\n",
       "      <td>0.2446183180</td>\n",
       "      <td>0.1861800964</td>\n",
       "    </tr>\n",
       "    <tr>\n",
       "      <th>32</th>\n",
       "      <td>0.1402643697</td>\n",
       "      <td>0.4289372001</td>\n",
       "      <td>0.2446183102</td>\n",
       "      <td>0.1861801200</td>\n",
       "    </tr>\n",
       "    <tr>\n",
       "      <th>33</th>\n",
       "      <td>0.1402643559</td>\n",
       "      <td>0.4289372036</td>\n",
       "      <td>0.2446183050</td>\n",
       "      <td>0.1861801355</td>\n",
       "    </tr>\n",
       "    <tr>\n",
       "      <th>34</th>\n",
       "      <td>0.1402643468</td>\n",
       "      <td>0.4289372059</td>\n",
       "      <td>0.2446183017</td>\n",
       "      <td>0.1861801456</td>\n",
       "    </tr>\n",
       "    <tr>\n",
       "      <th>35</th>\n",
       "      <td>0.1402643409</td>\n",
       "      <td>0.4289372074</td>\n",
       "      <td>0.2446182994</td>\n",
       "      <td>0.1861801522</td>\n",
       "    </tr>\n",
       "    <tr>\n",
       "      <th>36</th>\n",
       "      <td>0.1402643370</td>\n",
       "      <td>0.4289372084</td>\n",
       "      <td>0.2446182980</td>\n",
       "      <td>0.1861801566</td>\n",
       "    </tr>\n",
       "    <tr>\n",
       "      <th>37</th>\n",
       "      <td>0.1402643344</td>\n",
       "      <td>0.4289372091</td>\n",
       "      <td>0.2446182970</td>\n",
       "      <td>0.1861801595</td>\n",
       "    </tr>\n",
       "    <tr>\n",
       "      <th>38</th>\n",
       "      <td>0.1402643327</td>\n",
       "      <td>0.4289372095</td>\n",
       "      <td>0.2446182964</td>\n",
       "      <td>0.1861801614</td>\n",
       "    </tr>\n",
       "    <tr>\n",
       "      <th>39</th>\n",
       "      <td>0.1402643316</td>\n",
       "      <td>0.4289372098</td>\n",
       "      <td>0.2446182960</td>\n",
       "      <td>0.1861801626</td>\n",
       "    </tr>\n",
       "    <tr>\n",
       "      <th>40</th>\n",
       "      <td>0.1402643309</td>\n",
       "      <td>0.4289372099</td>\n",
       "      <td>0.2446182957</td>\n",
       "      <td>0.1861801634</td>\n",
       "    </tr>\n",
       "    <tr>\n",
       "      <th>41</th>\n",
       "      <td>0.1402643304</td>\n",
       "      <td>0.4289372101</td>\n",
       "      <td>0.2446182956</td>\n",
       "      <td>0.1861801639</td>\n",
       "    </tr>\n",
       "    <tr>\n",
       "      <th>42</th>\n",
       "      <td>0.1402643301</td>\n",
       "      <td>0.4289372101</td>\n",
       "      <td>0.2446182954</td>\n",
       "      <td>0.1861801643</td>\n",
       "    </tr>\n",
       "    <tr>\n",
       "      <th>43</th>\n",
       "      <td>0.1402643299</td>\n",
       "      <td>0.4289372102</td>\n",
       "      <td>0.2446182954</td>\n",
       "      <td>0.1861801645</td>\n",
       "    </tr>\n",
       "    <tr>\n",
       "      <th>44</th>\n",
       "      <td>0.1402643298</td>\n",
       "      <td>0.4289372102</td>\n",
       "      <td>0.2446182953</td>\n",
       "      <td>0.1861801647</td>\n",
       "    </tr>\n",
       "  </tbody>\n",
       "</table>\n",
       "</div>"
      ],
      "text/plain": [
       "     $\\lambda_0$   $\\lambda_1$   $\\lambda_2$   $\\lambda_3$\n",
       "0   0.2500000000  0.2500000000  0.2500000000  0.2500000000\n",
       "1   0.1899333114  0.3565384785  0.2513176208  0.2022105893\n",
       "2   0.1641245035  0.4007131077  0.2486312278  0.1865311609\n",
       "3   0.1526923559  0.4177170910  0.2471064413  0.1824841118\n",
       "4   0.1472225773  0.4242560715  0.2462761313  0.1822452199\n",
       "5   0.1443831160  0.4268411933  0.2457541713  0.1830215193\n",
       "6   0.1427990662  0.4279156949  0.2453963927  0.1838888463\n",
       "7   0.1418642966  0.4283951015  0.2451463654  0.1845942364\n",
